n_estimators,max_features,min_samples_split,train_accuracy,test_accuracy,valid_accuracy,oob_accuracy
50,0.1,2,0.9995576199955762,0.8971466489714665,0.903140203449801,0.9011833665118336
50,0.1,4,0.9905717761557178,0.8973678389736784,0.9035824856258293,0.9030358327803584
50,0.1,6,0.9780468922804689,0.8995797389957974,0.9053516143299425,0.9045012165450121
50,0.1,8,0.9682039371820393,0.8984737889847378,0.9040247678018576,0.9035888077858881
50,0.1,10,0.9609599646095996,0.8989161689891617,0.9077841662980982,0.9034782127847821
50,0.3,2,0.9996682149966821,0.9020128290201282,0.9046881910659,0.9055795178057952
50,0.3,4,0.995631497456315,0.9022340190223402,0.9044670499778859,0.9046671090466711
50,0.3,6,0.9860926786109268,0.9013492590134926,0.9071207430340558,0.9051647865516479
50,0.3,8,0.9797887635478877,0.9009068790090687,0.9060150375939849,0.9061877903118779
50,0.3,10,0.9738995797389958,0.902676399026764,0.9051304732419283,0.9048053527980535
50,0.5,2,0.9998064587480646,0.900464499004645,0.9033613445378151,0.9035335102853351
50,0.5,4,0.9961015262110152,0.900464499004645,0.9060150375939849,0.9041417827914179
50,0.5,6,0.9891340411413404,0.898252598982526,0.9042459088898718,0.9055518690555187
50,0.5,8,0.982360097323601,0.9009068790090687,0.9053516143299425,0.9055795178057952
50,0.5,10,0.9766091572660915,0.9028975890289759,0.9060150375939849,0.9058283565582835
50,0.7,2,0.9997511612475116,0.9024552090245521,0.9077841662980982,0.9042800265428003
50,0.7,4,0.9969586374695864,0.9011280690112807,0.903140203449801,0.9028146427781464
50,0.7,6,0.989852908648529,0.8995797389957974,0.9038036267138434,0.9046947577969475
50,0.7,8,0.9845996460959965,0.8991373589913736,0.9088898717381689,0.904722406547224
50,0.7,10,0.9784063260340633,0.898252598982526,0.9060150375939849,0.9042247290422473
50,0.9,2,0.9996682149966821,0.9009068790090687,0.903140203449801,0.9024552090245521
50,0.9,4,0.9970968812209688,0.8993585489935855,0.9057938965059709,0.903865295288653
50,0.9,6,0.9908206149082062,0.8984737889847378,0.9040247678018576,0.9041141340411414
50,0.9,8,0.9853461623534616,0.9011280690112807,0.9029190623617869,0.9043076752930768
50,0.9,10,0.9794293297942933,0.8971466489714665,0.9066784608580274,0.9057177615571776
150,0.1,2,1.0,0.8984737889847378,0.9055727554179567,0.9051094890510949
150,0.1,4,0.9913459411634594,0.9011280690112807,0.9040247678018576,0.9052200840522009
150,0.1,6,0.9793740322937403,0.9000221190002212,0.9044670499778859,0.9043076752930768
150,0.1,8,0.9699181596991816,0.8986949789869498,0.9049093321539142,0.9046394602963946
150,0.1,10,0.9638630833886308,0.8991373589913736,0.9044670499778859,0.9043629727936298
150,0.3,2,1.0,0.9013492590134926,0.9071207430340558,0.9064366290643663
150,0.3,4,0.996654501216545,0.9017916390179164,0.9057938965059709,0.9072384428223844
150,0.3,6,0.9881110373811104,0.9011280690112807,0.907563025210084,0.9074043353240433
150,0.3,8,0.9808947135589471,0.9011280690112807,0.9046881910659,0.9073213890732139
150,0.3,10,0.975613802256138,0.9009068790090687,0.9051304732419283,0.9067684140676842
150,0.5,2,0.9999723512497235,0.9028975890289759,0.9077841662980982,0.9061048440610484
150,0.5,4,0.9974010174740102,0.9024552090245521,0.9080053073861123,0.9054689228046893
150,0.5,6,0.990986507409865,0.8993585489935855,0.9053516143299425,0.906989604069896
150,0.5,8,0.983438398584384,0.8984737889847378,0.9049093321539142,0.9077084715770847
150,0.5,10,0.9779086485290864,0.9035611590356116,0.9057938965059709,0.9076808228268082
150,0.7,2,1.0,0.9000221190002212,0.9062361786819991,0.906021897810219
150,0.7,4,0.9981198849811989,0.900464499004645,0.9053516143299425,0.904777704047777
150,0.7,6,0.9912629949126299,0.8980314089803141,0.9040247678018576,0.9060495465604954
150,0.7,8,0.9849037823490379,0.8995797389957974,0.9068996019460416,0.907044901570449
150,0.7,10,0.9792634372926343,0.9006856890068569,0.9066784608580274,0.9076255253262553
150,0.9,2,1.0,0.898252598982526,0.9051304732419283,0.9053859765538598
150,0.9,4,0.9979263437292635,0.9011280690112807,0.9026979212737727,0.9063260340632603
150,0.9,6,0.9919818624198187,0.9011280690112807,0.9046881910659,0.9072660915726609
150,0.9,8,0.9857885423578854,0.9011280690112807,0.9060150375939849,0.9062983853129839
150,0.9,10,0.9804523335545233,0.900464499004645,0.9062361786819991,0.9061601415616014
250,0.1,2,1.0,0.8980314089803141,0.907563025210084,0.903754700287547
250,0.1,4,0.9918989161689892,0.9022340190223402,0.9051304732419283,0.904777704047777
250,0.1,6,0.9785169210351692,0.8991373589913736,0.9055727554179567,0.9042523777925238
250,0.1,8,0.9703328909533289,0.9024552090245521,0.9068996019460416,0.9057454103074541
250,0.1,10,0.9637524883875249,0.8989161689891617,0.9060150375939849,0.9040035390400354
250,0.3,2,1.0,0.9015704490157045,0.9077841662980982,0.9075702278257023
250,0.3,4,0.996820393718204,0.9000221190002212,0.907563025210084,0.9066854678168547
250,0.3,6,0.9880833886308339,0.9037823490378235,0.9055727554179567,0.9067131165671312
250,0.3,8,0.9814476885644768,0.9028975890289759,0.9060150375939849,0.9080955540809555
250,0.3,10,0.9758349922583499,0.9009068790090687,0.9073418841220698,0.9075149303251493
250,0.5,2,1.0,0.9017916390179164,0.907563025210084,0.9074319840743198
250,0.5,4,0.997843397478434,0.9022340190223402,0.9066784608580274,0.9063536828135368
250,0.5,6,0.9904888299048883,0.9002433090024331,0.9080053073861123,0.907044901570449
250,0.5,8,0.9839637248396372,0.9022340190223402,0.9062361786819991,0.9079296615792967
250,0.5,10,0.9783786772837868,0.9022340190223402,0.9068996019460416,0.9080955540809555
250,0.7,2,1.0,0.9011280690112807,0.907563025210084,0.9065472240654723
250,0.7,4,0.9984516699845167,0.9006856890068569,0.9046881910659,0.9070725503207255
250,0.7,6,0.9916224286662243,0.9013492590134926,0.9066784608580274,0.9062983853129839
250,0.7,8,0.9852908648529086,0.8998009289980093,0.9064573197700133,0.9068237115682372
250,0.7,10,0.9795952222959522,0.9013492590134926,0.9073418841220698,0.9076255253262553
250,0.9,2,1.0,0.9002433090024331,0.9049093321539142,0.9046118115461181
250,0.9,4,0.998921698739217,0.9011280690112807,0.9049093321539142,0.9074043353240433
250,0.9,6,0.9923689449236894,0.900464499004645,0.9051304732419283,0.9065472240654723
250,0.9,8,0.9861756248617563,0.9009068790090687,0.9055727554179567,0.9064366290643663
250,0.9,10,0.9807841185578412,0.9000221190002212,0.9060150375939849,0.907044901570449
350,0.1,2,1.0,0.898252598982526,0.9066784608580274,0.904943596549436
350,0.1,4,0.9916224286662243,0.9000221190002212,0.9064573197700133,0.904888299048883
350,0.1,6,0.9797334660473347,0.9013492590134926,0.9053516143299425,0.9048053527980535
350,0.1,8,0.9699734571997346,0.8989161689891617,0.9064573197700133,0.904888299048883
350,0.1,10,0.9638354346383543,0.8998009289980093,0.9071207430340558,0.9044735677947356
350,0.3,2,1.0,0.9024552090245521,0.9057938965059709,0.9072107940721079
350,0.3,4,0.9969586374695864,0.9011280690112807,0.9053516143299425,0.9077914178279142
350,0.3,6,0.9883322273833223,0.9028975890289759,0.9066784608580274,0.9074043353240433
350,0.3,8,0.9810329573103296,0.9011280690112807,0.9064573197700133,0.9077914178279142
350,0.3,10,0.9754479097544791,0.9015704490157045,0.9055727554179567,0.9072107940721079
350,0.5,2,1.0,0.9011280690112807,0.907563025210084,0.907044901570449
350,0.5,4,0.9981198849811989,0.9006856890068569,0.9073418841220698,0.9069619553196195
350,0.5,6,0.9905994249059943,0.902676399026764,0.9077841662980982,0.9079296615792967
350,0.5,8,0.9835766423357665,0.9006856890068569,0.9068996019460416,0.908067905330679
350,0.5,10,0.9781298385312984,0.9031187790311878,0.9073418841220698,0.9075149303251493
350,0.7,2,1.0,0.9028975890289759,0.9049093321539142,0.9069066578190665
350,0.7,4,0.9983963724839637,0.9011280690112807,0.9064573197700133,0.9067407653174077
350,0.7,6,0.9917606724176067,0.9033399690333996,0.9082264484741265,0.9068237115682372
350,0.7,8,0.985539703605397,0.9015704490157045,0.9068996019460416,0.9073490378234904
350,0.7,10,0.9801205485512055,0.9006856890068569,0.9073418841220698,0.9070172528201725
350,0.9,2,1.0,0.9002433090024331,0.9084475895621407,0.9064919265649193
350,0.9,4,0.9986175624861756,0.9006856890068569,0.9068996019460416,0.9064089803140898
350,0.9,6,0.9926177836761778,0.9011280690112807,0.9051304732419283,0.9071278478212785
350,0.9,8,0.9859267861092679,0.8995797389957974,0.9071207430340558,0.9069619553196195
350,0.9,10,0.9806458748064587,0.9006856890068569,0.9071207430340558,0.9077914178279142
450,0.1,2,1.0,0.8995797389957974,0.9057938965059709,0.9054965715549658
450,0.1,4,0.9920648086706481,0.900464499004645,0.9086687306501547,0.9041417827914179
450,0.1,6,0.9792081397920814,0.9020128290201282,0.9066784608580274,0.9048606502986065
450,0.1,8,0.9706646759566467,0.900464499004645,0.9055727554179567,0.9041694315416943
450,0.1,10,0.9638077858880778,0.8986949789869498,0.9077841662980982,0.9043906215439063
450,0.3,2,1.0,0.9017916390179164,0.9068996019460416,0.9077084715770847
450,0.3,4,0.9969033399690334,0.9020128290201282,0.9068996019460416,0.9070172528201725
450,0.3,6,0.9883322273833223,0.9006856890068569,0.9077841662980982,0.9090079628400797
450,0.3,8,0.9808947135589471,0.9011280690112807,0.9066784608580274,0.908123202831232
450,0.3,10,0.9759455872594559,0.9020128290201282,0.9057938965059709,0.9082614465826144
450,0.5,2,1.0,0.9037823490378235,0.9077841662980982,0.9070725503207255
450,0.5,4,0.99795399247954,0.9006856890068569,0.9068996019460416,0.9071831453218314
450,0.5,6,0.9906270736562708,0.900464499004645,0.9062361786819991,0.9078743640787437
450,0.5,8,0.9839913735899137,0.9020128290201282,0.9066784608580274,0.9078743640787437
450,0.5,10,0.9783510285335103,0.902676399026764,0.907563025210084,0.9078743640787437
450,0.7,2,1.0,0.9002433090024331,0.9064573197700133,0.9072107940721079
450,0.7,4,0.9984240212342402,0.900464499004645,0.9073418841220698,0.9061877903118779
450,0.7,6,0.9918159699181597,0.900464499004645,0.9064573197700133,0.9071554965715549
450,0.7,8,0.9854014598540146,0.9017916390179164,0.9071207430340558,0.9075425790754258
450,0.7,10,0.980148197301482,0.9011280690112807,0.9053516143299425,0.9073490378234904
450,0.9,2,1.0,0.9017916390179164,0.9060150375939849,0.9065748728157488
450,0.9,4,0.9988940499889405,0.900464499004645,0.9051304732419283,0.9064919265649193
450,0.9,6,0.992230701172307,0.9013492590134926,0.9068996019460416,0.9066301703163017
450,0.9,8,0.9866456536164565,0.900464499004645,0.9055727554179567,0.9073490378234904
450,0.9,10,0.9805076310550763,0.8993585489935855,0.9060150375939849,0.9074872815748728
