architecture,train_accuracy,test_accuracy,time
relu,0.9999200319872051,0.989527,9.497213125228882
[[501126      5      0      0     75      3      0      0      0      0]
 [   107 422383      8      0      0      0      0      0      0      0]
 [   565    706  46328     23      0      0      0      0      0      0]
 [   924      6    163  20028      0      0      0      0      0      0]
 [  3694      1      0      0    190      0      0      0      0      0]
 [  1929      0      0      0      0     67      0      0      0      0]
 [   442      0     94    365      0      0    521      2      0      0]
 [     0      0      0    228      0      0      2      0      0      0]
 [     8      0      0      0      1      3      0      0      0      0]
 [     2      0      0      0      0      1      0      0      0      0]]
sigmoid,0.11095561775289885,0.102564,11.053844213485718
[[378353 122856      0      0      0      0      0      0      0      0]
 [320188 102310      0      0      0      0      0      0      0      0]
 [ 36359  11263      0      0      0      0      0      0      0      0]
 [ 16278   4843      0      0      0      0      0      0      0      0]
 [  2865   1020      0      0      0      0      0      0      0      0]
 [  1384    612      0      0      0      0      0      0      0      0]
 [  1096    328      0      0      0      0      0      0      0      0]
 [   172     58      0      0      0      0      0      0      0      0]
 [     9      3      0      0      0      0      0      0      0      0]
 [     2      1      0      0      0      0      0      0      0      0]]
