training time         = 1.163637638092041
nSV                   = 126
b                     = 0.29308328093984604
accuracy(train, test) = (100.0, 98.99446958270488)
w =
[[ 0.00000000e+00]
 [ 0.00000000e+00]
 [ 0.00000000e+00]
 [ 0.00000000e+00]
 [ 0.00000000e+00]
 [ 0.00000000e+00]
 [ 0.00000000e+00]
 [ 0.00000000e+00]
 [ 0.00000000e+00]
 [ 0.00000000e+00]
 [ 0.00000000e+00]
 [ 0.00000000e+00]
 [ 0.00000000e+00]
 [ 0.00000000e+00]
 [ 0.00000000e+00]
 [ 0.00000000e+00]
 [ 0.00000000e+00]
 [ 0.00000000e+00]
 [ 0.00000000e+00]
 [ 0.00000000e+00]
 [ 0.00000000e+00]
 [ 0.00000000e+00]
 [ 0.00000000e+00]
 [ 0.00000000e+00]
 [ 0.00000000e+00]
 [ 0.00000000e+00]
 [ 0.00000000e+00]
 [ 0.00000000e+00]
 [ 0.00000000e+00]
 [ 0.00000000e+00]
 [ 0.00000000e+00]
 [ 0.00000000e+00]
 [ 0.00000000e+00]
 [ 0.00000000e+00]
 [ 0.00000000e+00]
 [ 0.00000000e+00]
 [ 0.00000000e+00]
 [ 0.00000000e+00]
 [ 0.00000000e+00]
 [ 0.00000000e+00]
 [ 0.00000000e+00]
 [ 0.00000000e+00]
 [ 0.00000000e+00]
 [ 0.00000000e+00]
 [ 0.00000000e+00]
 [ 0.00000000e+00]
 [ 0.00000000e+00]
 [ 0.00000000e+00]
 [ 0.00000000e+00]
 [ 0.00000000e+00]
 [ 0.00000000e+00]
 [ 0.00000000e+00]
 [ 0.00000000e+00]
 [ 0.00000000e+00]
 [ 0.00000000e+00]
 [ 0.00000000e+00]
 [ 0.00000000e+00]
 [ 0.00000000e+00]
 [ 0.00000000e+00]
 [ 0.00000000e+00]
 [ 0.00000000e+00]
 [ 0.00000000e+00]
 [ 0.00000000e+00]
 [ 0.00000000e+00]
 [ 0.00000000e+00]
 [ 0.00000000e+00]
 [ 0.00000000e+00]
 [ 0.00000000e+00]
 [ 0.00000000e+00]
 [ 0.00000000e+00]
 [ 0.00000000e+00]
 [ 0.00000000e+00]
 [ 0.00000000e+00]
 [ 0.00000000e+00]
 [ 0.00000000e+00]
 [ 0.00000000e+00]
 [ 0.00000000e+00]
 [ 0.00000000e+00]
 [ 0.00000000e+00]
 [ 0.00000000e+00]
 [ 0.00000000e+00]
 [ 0.00000000e+00]
 [ 0.00000000e+00]
 [ 0.00000000e+00]
 [ 0.00000000e+00]
 [ 0.00000000e+00]
 [ 0.00000000e+00]
 [ 0.00000000e+00]
 [ 0.00000000e+00]
 [ 0.00000000e+00]
 [ 0.00000000e+00]
 [ 0.00000000e+00]
 [-1.17419243e-03]
 [-5.08816720e-03]
 [-3.24859906e-02]
 [-6.65375711e-02]
 [ 0.00000000e+00]
 [ 0.00000000e+00]
 [ 0.00000000e+00]
 [ 0.00000000e+00]
 [ 0.00000000e+00]
 [ 0.00000000e+00]
 [ 0.00000000e+00]
 [ 0.00000000e+00]
 [ 0.00000000e+00]
 [ 0.00000000e+00]
 [ 0.00000000e+00]
 [ 0.00000000e+00]
 [ 0.00000000e+00]
 [ 0.00000000e+00]
 [ 0.00000000e+00]
 [ 0.00000000e+00]
 [ 0.00000000e+00]
 [ 0.00000000e+00]
 [ 0.00000000e+00]
 [ 0.00000000e+00]
 [ 0.00000000e+00]
 [ 0.00000000e+00]
 [ 0.00000000e+00]
 [ 0.00000000e+00]
 [-1.95698738e-02]
 [-1.34444730e-01]
 [-1.54892112e-01]
 [-5.73713789e-01]
 [-1.63190792e-01]
 [ 2.04056967e-01]
 [ 1.93235362e-02]
 [ 1.28791216e-02]
 [ 6.87855153e-02]
 [ 1.44623108e-01]
 [-1.13301532e-01]
 [-2.99736558e-01]
 [-2.62149946e-01]
 [-2.84857739e-01]
 [-1.62644600e-02]
 [ 0.00000000e+00]
 [ 0.00000000e+00]
 [ 0.00000000e+00]
 [ 0.00000000e+00]
 [ 0.00000000e+00]
 [ 0.00000000e+00]
 [ 0.00000000e+00]
 [ 0.00000000e+00]
 [ 0.00000000e+00]
 [ 0.00000000e+00]
 [ 0.00000000e+00]
 [-2.42383704e-03]
 [ 4.09811488e-03]
 [-5.87050648e-02]
 [-9.38276093e-02]
 [-2.34118058e-01]
 [ 2.03209248e-01]
 [ 1.44376981e-01]
 [-1.28253095e-01]
 [-1.57290981e-01]
 [-2.93111342e-01]
 [ 1.58978768e-01]
 [ 4.25067995e-01]
 [-3.15691961e-01]
 [-8.01868475e-02]
 [ 1.94774077e-01]
 [-4.15348528e-02]
 [-2.65139557e-01]
 [-4.61056614e-02]
 [ 0.00000000e+00]
 [ 0.00000000e+00]
 [ 0.00000000e+00]
 [ 0.00000000e+00]
 [ 0.00000000e+00]
 [ 0.00000000e+00]
 [ 0.00000000e+00]
 [ 0.00000000e+00]
 [ 0.00000000e+00]
 [-4.65703522e-03]
 [ 5.32590020e-02]
 [ 3.38126205e-02]
 [-3.12672209e-02]
 [ 3.13636268e-01]
 [ 1.49111660e-01]
 [ 1.54631153e-01]
 [ 2.59532713e-01]
 [-1.35010560e-01]
 [-2.79815879e-01]
 [ 2.14308833e-01]
 [ 9.53711298e-02]
 [ 8.71656104e-02]
 [ 9.62682447e-02]
 [ 1.62818525e-01]
 [ 2.34606659e-01]
 [ 2.73953840e-01]
 [-1.29387097e-01]
 [-3.95954321e-02]
 [ 1.83789900e-04]
 [ 0.00000000e+00]
 [ 0.00000000e+00]
 [ 0.00000000e+00]
 [ 0.00000000e+00]
 [ 0.00000000e+00]
 [ 0.00000000e+00]
 [ 0.00000000e+00]
 [ 0.00000000e+00]
 [ 2.80326039e-02]
 [ 1.40228508e-01]
 [-1.13617208e-01]
 [ 3.31628658e-01]
 [-1.35330260e-02]
 [ 4.63670334e-02]
 [ 1.29578558e-01]
 [ 3.14146452e-01]
 [ 1.04888760e-01]
 [ 5.83320980e-02]
 [ 1.70790458e-01]
 [ 1.88224785e-02]
 [ 1.01124934e-01]
 [-3.28653918e-01]
 [-1.23882151e-01]
 [ 1.06975680e-01]
 [ 9.20165215e-02]
 [-2.92796177e-01]
 [-5.06014097e-02]
 [-5.40932401e-02]
 [-1.52044458e-02]
 [ 0.00000000e+00]
 [ 0.00000000e+00]
 [-7.83453454e-02]
 [ 0.00000000e+00]
 [ 0.00000000e+00]
 [ 0.00000000e+00]
 [ 1.24116376e-02]
 [ 3.62394034e-02]
 [-3.93811849e-02]
 [ 7.28726423e-02]
 [-1.26423376e-01]
 [-3.96664707e-01]
 [-2.15438012e-01]
 [ 3.29131818e-01]
 [-3.31980939e-01]
 [-1.07654592e-01]
 [ 1.16662662e-03]
 [ 1.04268637e-01]
 [ 1.37142342e-01]
 [ 1.72216046e-01]
 [ 3.66492063e-02]
 [ 2.13053828e-02]
 [-8.32910887e-02]
 [ 1.95095837e-01]
 [-2.25679492e-01]
 [-3.15758183e-02]
 [-1.68237336e-02]
 [ 1.22526600e-04]
 [ 0.00000000e+00]
 [ 0.00000000e+00]
 [ 0.00000000e+00]
 [ 0.00000000e+00]
 [ 0.00000000e+00]
 [ 0.00000000e+00]
 [ 1.27337925e-01]
 [ 8.51046995e-02]
 [ 9.39788389e-02]
 [ 1.83648903e-02]
 [-2.62099432e-01]
 [ 2.14213864e-01]
 [-1.70599535e-01]
 [ 1.03798323e-01]
 [-6.64529457e-02]
 [-3.37235044e-01]
 [ 1.61018227e-01]
 [ 2.24086860e-01]
 [-2.65855017e-01]
 [-3.99239334e-01]
 [ 2.29848560e-01]
 [ 8.07492651e-02]
 [ 1.15920813e-01]
 [ 1.94240700e-01]
 [-3.13483245e-01]
 [-8.78888381e-02]
 [ 6.47211600e-02]
 [ 4.13705170e-02]
 [ 0.00000000e+00]
 [ 0.00000000e+00]
 [ 0.00000000e+00]
 [ 0.00000000e+00]
 [ 0.00000000e+00]
 [-1.45249805e-02]
 [ 4.93540641e-02]
 [ 1.39196703e-01]
 [ 1.28669620e-01]
 [ 2.40010440e-01]
 [ 1.77898211e-01]
 [ 2.77064465e-01]
 [ 2.79574769e-02]
 [ 2.24740892e-01]
 [ 3.47182812e-02]
 [-3.96056401e-02]
 [-5.46412592e-01]
 [ 3.80993202e-05]
 [-8.90775871e-02]
 [ 8.96111563e-02]
 [-3.79490295e-02]
 [ 7.59012104e-03]
 [ 2.01131153e-01]
 [ 3.01224574e-01]
 [ 2.08644858e-02]
 [ 1.65126835e-02]
 [ 1.08557197e-01]
 [ 3.32052834e-02]
 [ 0.00000000e+00]
 [ 0.00000000e+00]
 [ 0.00000000e+00]
 [ 0.00000000e+00]
 [ 0.00000000e+00]
 [-1.84467252e-01]
 [-1.50575011e-01]
 [ 1.44115162e-01]
 [ 2.33562959e-01]
 [ 1.19705274e-01]
 [ 5.97605221e-02]
 [ 4.95497322e-02]
 [ 2.29983694e-01]
 [ 1.66755825e-02]
 [ 1.17905654e-01]
 [-8.16523811e-03]
 [-2.89341045e-01]
 [ 3.81809584e-02]
 [ 4.59640286e-02]
 [ 2.11428523e-01]
 [-3.27589038e-01]
 [-9.22756679e-02]
 [ 2.79782591e-01]
 [ 1.10458076e-01]
 [ 1.62671653e-01]
 [ 1.33591785e-01]
 [-8.68168487e-02]
 [ 0.00000000e+00]
 [ 0.00000000e+00]
 [ 0.00000000e+00]
 [ 0.00000000e+00]
 [ 0.00000000e+00]
 [ 0.00000000e+00]
 [-1.77059342e-01]
 [-1.67645512e-02]
 [ 4.32930929e-01]
 [ 7.38532248e-02]
 [ 3.98705515e-01]
 [ 4.21663620e-02]
 [-2.77825869e-01]
 [-1.67202110e-01]
 [ 2.07450755e-02]
 [ 4.97832476e-02]
 [-5.92390553e-02]
 [ 3.07250428e-01]
 [ 4.78764281e-01]
 [-5.54767233e-02]
 [ 1.02312028e-01]
 [-1.54927275e-01]
 [ 1.03647323e-01]
 [-4.50215520e-02]
 [ 3.80918187e-04]
 [ 6.48489732e-02]
 [-7.69716756e-02]
 [-2.14463858e-01]
 [-1.24546012e-02]
 [ 0.00000000e+00]
 [ 0.00000000e+00]
 [ 0.00000000e+00]
 [ 0.00000000e+00]
 [ 0.00000000e+00]
 [-1.39277905e-01]
 [ 2.30706691e-02]
 [ 2.59658754e-01]
 [ 1.62199982e-01]
 [ 2.71928831e-01]
 [ 7.57261603e-02]
 [-3.47683695e-01]
 [ 1.34350073e-02]
 [ 7.98336256e-02]
 [ 2.52018976e-02]
 [-1.04515529e-01]
 [ 2.87796591e-01]
 [ 1.89405212e-01]
 [ 2.06220214e-01]
 [ 1.33730014e-01]
 [ 2.29057515e-01]
 [-2.01078313e-03]
 [ 1.01194226e-01]
 [-1.49862220e-01]
 [ 4.17698706e-02]
 [-1.50087153e-01]
 [-2.20372692e-01]
 [-6.64245395e-02]
 [ 0.00000000e+00]
 [ 0.00000000e+00]
 [ 0.00000000e+00]
 [ 0.00000000e+00]
 [ 0.00000000e+00]
 [ 1.89797037e-02]
 [ 2.82207614e-01]
 [-1.34789368e-01]
 [-3.11279017e-02]
 [-5.02475271e-02]
 [-3.44731934e-02]
 [ 2.84638653e-03]
 [-3.47311450e-01]
 [ 1.36348516e-01]
 [-8.57798589e-02]
 [ 3.77269641e-02]
 [ 6.19729625e-01]
 [ 2.08264552e-01]
 [ 2.01625378e-01]
 [ 4.07772709e-01]
 [-2.63035362e-03]
 [ 3.90193100e-01]
 [ 1.42455389e-01]
 [-3.01361327e-01]
 [-2.01381612e-01]
 [-2.88171425e-01]
 [-1.59098205e-01]
 [-9.91178676e-02]
 [ 0.00000000e+00]
 [ 0.00000000e+00]
 [ 0.00000000e+00]
 [ 0.00000000e+00]
 [ 0.00000000e+00]
 [ 1.46866755e-02]
 [ 2.68530078e-01]
 [-5.61747845e-02]
 [ 1.14451615e-01]
 [-2.91951836e-01]
 [ 2.04359842e-01]
 [ 1.66757826e-01]
 [-1.78627660e-01]
 [-1.49318257e-02]
 [-1.58938688e-01]
 [ 1.52737640e-01]
 [ 5.10499818e-01]
 [ 4.67836639e-01]
 [ 2.20151393e-01]
 [ 1.50320883e-01]
 [-3.00022496e-02]
 [ 5.11828316e-01]
 [ 5.47981508e-02]
 [-3.00541758e-01]
 [-2.79529734e-01]
 [-3.26594745e-01]
 [-1.61155986e-01]
 [-7.36897235e-02]
 [ 0.00000000e+00]
 [ 0.00000000e+00]
 [ 0.00000000e+00]
 [ 0.00000000e+00]
 [ 0.00000000e+00]
 [ 1.12974427e-03]
 [ 6.82402585e-02]
 [-1.98306919e-01]
 [ 3.03590909e-01]
 [-7.35812393e-02]
 [-1.75090666e-01]
 [-1.30077110e-01]
 [-3.26619365e-01]
 [-2.30096506e-01]
 [ 1.01901730e-01]
 [ 6.98335243e-02]
 [-1.01961225e-01]
 [ 3.50363247e-01]
 [-1.49568776e-01]
 [ 1.87135138e-01]
 [ 2.10219534e-01]
 [-2.35378048e-01]
 [-2.33806736e-01]
 [ 2.37609686e-02]
 [-6.29849646e-02]
 [-4.63491623e-01]
 [-1.33874342e-01]
 [-1.29735429e-02]
 [ 0.00000000e+00]
 [-7.08234878e-03]
 [ 0.00000000e+00]
 [ 0.00000000e+00]
 [ 0.00000000e+00]
 [ 0.00000000e+00]
 [ 2.85352410e-02]
 [-2.84514188e-01]
 [ 1.57780439e-01]
 [-1.09986301e-01]
 [-6.29605142e-02]
 [ 3.15693330e-02]
 [-3.03724988e-01]
 [-2.73417450e-01]
 [-8.94779820e-02]
 [ 8.33579015e-02]
 [-1.21181659e-01]
 [ 3.61125866e-01]
 [ 2.08008819e-01]
 [ 2.04442603e-01]
 [ 4.32538878e-02]
 [-3.49751813e-01]
 [-2.72832919e-01]
 [ 6.67917796e-02]
 [-2.29197355e-01]
 [-3.26971128e-01]
 [-7.04104493e-02]
 [ 0.00000000e+00]
 [ 0.00000000e+00]
 [-6.13803561e-02]
 [ 0.00000000e+00]
 [ 0.00000000e+00]
 [ 0.00000000e+00]
 [ 0.00000000e+00]
 [-3.42567337e-02]
 [-5.33038464e-01]
 [-1.56341405e-02]
 [-1.51178771e-01]
 [-4.70244700e-01]
 [-4.79222619e-02]
 [-2.51098919e-01]
 [-1.44926635e-01]
 [ 1.04871948e-01]
 [ 1.61250498e-01]
 [ 1.74952550e-01]
 [ 1.01111582e-01]
 [ 6.19174313e-02]
 [ 3.76560663e-01]
 [-1.16423139e-01]
 [-7.35147701e-02]
 [ 3.37919653e-01]
 [ 3.05853459e-01]
 [-2.41833183e-01]
 [-1.13285382e-01]
 [-3.28345645e-02]
 [ 0.00000000e+00]
 [ 0.00000000e+00]
 [ 0.00000000e+00]
 [ 0.00000000e+00]
 [ 0.00000000e+00]
 [ 0.00000000e+00]
 [ 0.00000000e+00]
 [-2.73481453e-01]
 [-3.35557705e-01]
 [-2.08530597e-01]
 [-2.18058725e-01]
 [-3.15938652e-01]
 [-1.64137752e-01]
 [-1.48940252e-01]
 [-2.23415992e-02]
 [-2.89906747e-01]
 [-1.47414762e-01]
 [-3.80465232e-02]
 [-5.67599170e-02]
 [ 8.46161661e-02]
 [-2.66181346e-03]
 [ 2.31680462e-01]
 [ 3.50217353e-02]
 [ 4.15480064e-01]
 [-7.68217033e-02]
 [-4.02763482e-01]
 [ 1.45924526e-01]
 [ 6.08999899e-02]
 [ 7.45161913e-03]
 [ 0.00000000e+00]
 [ 0.00000000e+00]
 [ 0.00000000e+00]
 [ 0.00000000e+00]
 [ 0.00000000e+00]
 [ 0.00000000e+00]
 [-4.61867483e-01]
 [-7.64558868e-02]
 [ 1.52268148e-01]
 [-3.43056985e-02]
 [-3.29982743e-01]
 [-2.52935243e-01]
 [ 4.29056206e-02]
 [-8.70283539e-02]
 [-1.94947770e-01]
 [-3.74453914e-01]
 [-6.39043497e-02]
 [-1.01639094e-01]
 [-2.34117256e-01]
 [ 4.46508651e-02]
 [ 1.52749550e-01]
 [-1.53182654e-01]
 [-5.00619487e-02]
 [-2.28334035e-01]
 [-2.34149132e-01]
 [ 6.60656275e-02]
 [ 1.92428885e-01]
 [ 1.59278359e-01]
 [ 0.00000000e+00]
 [ 0.00000000e+00]
 [ 0.00000000e+00]
 [ 0.00000000e+00]
 [ 0.00000000e+00]
 [ 0.00000000e+00]
 [-1.81517353e-01]
 [-9.67722943e-02]
 [-1.37575168e-01]
 [ 2.36472688e-02]
 [-1.31435964e-01]
 [-1.27991242e-01]
 [-1.22095650e-01]
 [-1.64552505e-01]
 [-2.61331315e-01]
 [-3.13228141e-02]
 [ 5.82048178e-02]
 [-6.52783521e-02]
 [-7.31798049e-02]
 [ 1.56156461e-01]
 [-1.85005929e-01]
 [-5.08117554e-02]
 [ 6.36737340e-02]
 [-7.42956961e-02]
 [-3.27193575e-02]
 [ 9.41235352e-03]
 [-9.47475428e-04]
 [ 5.58871435e-03]
 [ 0.00000000e+00]
 [ 0.00000000e+00]
 [ 0.00000000e+00]
 [ 0.00000000e+00]
 [ 0.00000000e+00]
 [ 0.00000000e+00]
 [ 4.02620120e-03]
 [-9.09015761e-02]
 [-4.43682585e-01]
 [-3.40759450e-01]
 [-2.56213404e-01]
 [-2.86116439e-01]
 [-1.20809776e-01]
 [-2.92472331e-01]
 [-1.37261405e-01]
 [-2.80918819e-01]
 [ 6.54913528e-02]
 [-3.13306216e-01]
 [ 7.50946033e-02]
 [-3.44698550e-02]
 [-3.22446421e-01]
 [-2.04486846e-01]
 [ 1.76142828e-01]
 [ 2.62660076e-02]
 [-6.74567426e-03]
 [ 4.01301789e-02]
 [-3.24086076e-03]
 [ 0.00000000e+00]
 [ 0.00000000e+00]
 [ 0.00000000e+00]
 [ 0.00000000e+00]
 [ 0.00000000e+00]
 [ 0.00000000e+00]
 [ 0.00000000e+00]
 [ 0.00000000e+00]
 [ 3.29510416e-02]
 [ 1.34305665e-02]
 [-2.04723781e-01]
 [-1.15613322e-01]
 [-1.29203449e-01]
 [-2.51612017e-01]
 [-1.80170797e-01]
 [-4.51633458e-01]
 [-3.04430095e-01]
 [-1.26601706e-01]
 [-9.77982296e-02]
 [ 1.92972954e-01]
 [-8.50684898e-02]
 [ 3.81836427e-02]
 [ 1.67508177e-01]
 [ 2.28636624e-01]
 [ 6.15226790e-02]
 [ 1.62023130e-02]
 [ 1.27027386e-02]
 [ 2.83869546e-03]
 [ 0.00000000e+00]
 [ 0.00000000e+00]
 [ 0.00000000e+00]
 [ 0.00000000e+00]
 [ 0.00000000e+00]
 [ 0.00000000e+00]
 [ 0.00000000e+00]
 [ 0.00000000e+00]
 [ 2.42377562e-02]
 [ 5.34934164e-02]
 [ 4.00672333e-02]
 [-1.41570809e-02]
 [-6.44553340e-02]
 [-8.29411224e-02]
 [ 6.36228269e-01]
 [ 2.58216276e-01]
 [-1.47785277e-01]
 [-2.25532461e-01]
 [-3.41668163e-02]
 [ 2.54718531e-01]
 [-5.55192204e-02]
 [ 1.57839052e-01]
 [ 2.29305946e-01]
 [ 1.98218879e-01]
 [ 1.08061855e-01]
 [ 7.03774931e-03]
 [ 1.46380307e-03]
 [ 3.37535766e-03]
 [ 0.00000000e+00]
 [ 0.00000000e+00]
 [ 0.00000000e+00]
 [ 0.00000000e+00]
 [ 0.00000000e+00]
 [ 0.00000000e+00]
 [ 0.00000000e+00]
 [ 0.00000000e+00]
 [ 5.35992997e-02]
 [ 1.53978807e-01]
 [ 1.04918185e-01]
 [ 1.08828026e-01]
 [ 2.20269594e-01]
 [ 1.64297937e-01]
 [ 1.43745456e-02]
 [ 1.45397171e-01]
 [ 2.90546299e-01]
 [ 2.54044169e-01]
 [ 9.87133166e-02]
 [-1.35981102e-01]
 [-1.33623030e-01]
 [ 7.77162766e-02]
 [ 1.29525649e-01]
 [ 2.29232748e-01]
 [ 1.61686604e-01]
 [ 0.00000000e+00]
 [ 4.82193952e-04]
 [ 4.82193952e-04]
 [ 0.00000000e+00]
 [ 0.00000000e+00]
 [ 0.00000000e+00]
 [ 0.00000000e+00]
 [ 0.00000000e+00]
 [ 0.00000000e+00]
 [ 0.00000000e+00]
 [ 0.00000000e+00]
 [ 5.35992997e-02]
 [ 5.57553668e-02]
 [ 6.97477689e-02]
 [ 6.73597539e-02]
 [ 1.52417694e-02]
 [ 0.00000000e+00]
 [ 1.19013032e-03]
 [ 7.80144298e-02]
 [ 1.10987350e-01]
 [ 1.68997705e-01]
 [ 5.70405830e-02]
 [ 3.27714248e-02]
 [ 1.55137145e-02]
 [ 1.06968962e-01]
 [ 4.73394557e-02]
 [ 1.70009562e-01]
 [ 1.60502061e-01]
 [ 0.00000000e+00]
 [ 0.00000000e+00]
 [ 0.00000000e+00]
 [ 0.00000000e+00]
 [ 0.00000000e+00]
 [ 0.00000000e+00]
 [ 0.00000000e+00]
 [ 0.00000000e+00]
 [ 0.00000000e+00]
 [ 0.00000000e+00]
 [ 0.00000000e+00]
 [ 0.00000000e+00]
 [ 0.00000000e+00]
 [ 0.00000000e+00]
 [ 0.00000000e+00]
 [ 0.00000000e+00]
 [ 0.00000000e+00]
 [ 0.00000000e+00]
 [ 0.00000000e+00]
 [ 0.00000000e+00]
 [ 0.00000000e+00]
 [ 0.00000000e+00]
 [ 0.00000000e+00]
 [ 2.68560374e-02]
 [ 8.73959183e-02]
 [ 9.10374149e-04]
 [ 0.00000000e+00]
 [ 0.00000000e+00]
 [ 0.00000000e+00]
 [ 0.00000000e+00]
 [ 0.00000000e+00]
 [ 0.00000000e+00]
 [ 0.00000000e+00]
 [ 0.00000000e+00]]