training time         = 26.060819149017334
nSV                   = 126
b                     = 0.29323351252380514
accuracy(train, test) = (100.0, 98.99446958270488)
w =
[[ 0.00000000e+00]
 [ 0.00000000e+00]
 [ 0.00000000e+00]
 [ 0.00000000e+00]
 [ 0.00000000e+00]
 [ 0.00000000e+00]
 [ 0.00000000e+00]
 [ 0.00000000e+00]
 [ 0.00000000e+00]
 [ 0.00000000e+00]
 [ 0.00000000e+00]
 [ 0.00000000e+00]
 [ 0.00000000e+00]
 [ 0.00000000e+00]
 [ 0.00000000e+00]
 [ 0.00000000e+00]
 [ 0.00000000e+00]
 [ 0.00000000e+00]
 [ 0.00000000e+00]
 [ 0.00000000e+00]
 [ 0.00000000e+00]
 [ 0.00000000e+00]
 [ 0.00000000e+00]
 [ 0.00000000e+00]
 [ 0.00000000e+00]
 [ 0.00000000e+00]
 [ 0.00000000e+00]
 [ 0.00000000e+00]
 [ 0.00000000e+00]
 [ 0.00000000e+00]
 [ 0.00000000e+00]
 [ 0.00000000e+00]
 [ 0.00000000e+00]
 [ 0.00000000e+00]
 [ 0.00000000e+00]
 [ 0.00000000e+00]
 [ 0.00000000e+00]
 [ 0.00000000e+00]
 [ 0.00000000e+00]
 [ 0.00000000e+00]
 [ 0.00000000e+00]
 [ 0.00000000e+00]
 [ 0.00000000e+00]
 [ 0.00000000e+00]
 [ 0.00000000e+00]
 [ 0.00000000e+00]
 [ 0.00000000e+00]
 [ 0.00000000e+00]
 [ 0.00000000e+00]
 [ 0.00000000e+00]
 [ 0.00000000e+00]
 [ 0.00000000e+00]
 [ 0.00000000e+00]
 [ 0.00000000e+00]
 [ 0.00000000e+00]
 [ 0.00000000e+00]
 [ 0.00000000e+00]
 [ 0.00000000e+00]
 [ 0.00000000e+00]
 [ 0.00000000e+00]
 [ 0.00000000e+00]
 [ 0.00000000e+00]
 [ 0.00000000e+00]
 [ 0.00000000e+00]
 [ 0.00000000e+00]
 [ 0.00000000e+00]
 [ 0.00000000e+00]
 [ 0.00000000e+00]
 [ 0.00000000e+00]
 [ 0.00000000e+00]
 [ 0.00000000e+00]
 [ 0.00000000e+00]
 [ 0.00000000e+00]
 [ 0.00000000e+00]
 [ 0.00000000e+00]
 [ 0.00000000e+00]
 [ 0.00000000e+00]
 [ 0.00000000e+00]
 [ 0.00000000e+00]
 [ 0.00000000e+00]
 [ 0.00000000e+00]
 [ 0.00000000e+00]
 [ 0.00000000e+00]
 [ 0.00000000e+00]
 [ 0.00000000e+00]
 [ 0.00000000e+00]
 [ 0.00000000e+00]
 [ 0.00000000e+00]
 [ 0.00000000e+00]
 [ 0.00000000e+00]
 [ 0.00000000e+00]
 [ 0.00000000e+00]
 [-1.17338938e-03]
 [-5.08468730e-03]
 [-3.24637728e-02]
 [-6.64920647e-02]
 [ 0.00000000e+00]
 [ 0.00000000e+00]
 [ 0.00000000e+00]
 [ 0.00000000e+00]
 [ 0.00000000e+00]
 [ 0.00000000e+00]
 [ 0.00000000e+00]
 [ 0.00000000e+00]
 [ 0.00000000e+00]
 [ 0.00000000e+00]
 [ 0.00000000e+00]
 [ 0.00000000e+00]
 [ 0.00000000e+00]
 [ 0.00000000e+00]
 [ 0.00000000e+00]
 [ 0.00000000e+00]
 [ 0.00000000e+00]
 [ 0.00000000e+00]
 [ 0.00000000e+00]
 [ 0.00000000e+00]
 [ 0.00000000e+00]
 [ 0.00000000e+00]
 [ 0.00000000e+00]
 [ 0.00000000e+00]
 [-1.95564896e-02]
 [-1.34404499e-01]
 [-1.54862292e-01]
 [-5.73841280e-01]
 [-1.63398273e-01]
 [ 2.03934256e-01]
 [ 1.93674639e-02]
 [ 1.29408070e-02]
 [ 6.89170861e-02]
 [ 1.44603667e-01]
 [-1.13339861e-01]
 [-2.99592227e-01]
 [-2.62132519e-01]
 [-2.84965702e-01]
 [-1.62771081e-02]
 [ 0.00000000e+00]
 [ 0.00000000e+00]
 [ 0.00000000e+00]
 [ 0.00000000e+00]
 [ 0.00000000e+00]
 [ 0.00000000e+00]
 [ 0.00000000e+00]
 [ 0.00000000e+00]
 [ 0.00000000e+00]
 [ 0.00000000e+00]
 [ 0.00000000e+00]
 [-2.44163840e-03]
 [ 4.05593166e-03]
 [-5.87736989e-02]
 [-9.38573110e-02]
 [-2.34073908e-01]
 [ 2.03315598e-01]
 [ 1.44309654e-01]
 [-1.28295205e-01]
 [-1.57322511e-01]
 [-2.93038727e-01]
 [ 1.58884295e-01]
 [ 4.25072641e-01]
 [-3.15762142e-01]
 [-8.00902790e-02]
 [ 1.94892419e-01]
 [-4.15935784e-02]
 [-2.65286932e-01]
 [-4.61572024e-02]
 [ 0.00000000e+00]
 [ 0.00000000e+00]
 [ 0.00000000e+00]
 [ 0.00000000e+00]
 [ 0.00000000e+00]
 [ 0.00000000e+00]
 [ 0.00000000e+00]
 [ 0.00000000e+00]
 [ 0.00000000e+00]
 [-4.69123782e-03]
 [ 5.32226140e-02]
 [ 3.38012682e-02]
 [-3.11660639e-02]
 [ 3.13621256e-01]
 [ 1.49142605e-01]
 [ 1.54731287e-01]
 [ 2.59513581e-01]
 [-1.35035095e-01]
 [-2.79747953e-01]
 [ 2.14228025e-01]
 [ 9.55267368e-02]
 [ 8.70422129e-02]
 [ 9.64057140e-02]
 [ 1.62886608e-01]
 [ 2.34608722e-01]
 [ 2.73865564e-01]
 [-1.29362734e-01]
 [-3.96780962e-02]
 [ 1.83034155e-04]
 [ 0.00000000e+00]
 [ 0.00000000e+00]
 [ 0.00000000e+00]
 [ 0.00000000e+00]
 [ 0.00000000e+00]
 [ 0.00000000e+00]
 [ 0.00000000e+00]
 [ 0.00000000e+00]
 [ 2.79863505e-02]
 [ 1.40256271e-01]
 [-1.13577934e-01]
 [ 3.31786073e-01]
 [-1.35603523e-02]
 [ 4.63260040e-02]
 [ 1.29730670e-01]
 [ 3.14312873e-01]
 [ 1.04820808e-01]
 [ 5.83130901e-02]
 [ 1.70943412e-01]
 [ 1.87839971e-02]
 [ 1.01135849e-01]
 [-3.28812905e-01]
 [-1.24017190e-01]
 [ 1.06907407e-01]
 [ 9.19823728e-02]
 [-2.92722989e-01]
 [-5.05536644e-02]
 [-5.40185936e-02]
 [-1.51732610e-02]
 [ 0.00000000e+00]
 [ 0.00000000e+00]
 [-7.83856707e-02]
 [ 0.00000000e+00]
 [ 0.00000000e+00]
 [ 0.00000000e+00]
 [ 1.24121642e-02]
 [ 3.62555660e-02]
 [-3.93155192e-02]
 [ 7.29869410e-02]
 [-1.26591695e-01]
 [-3.96593335e-01]
 [-2.15531623e-01]
 [ 3.29097593e-01]
 [-3.32106410e-01]
 [-1.07589570e-01]
 [ 1.01896729e-03]
 [ 1.04219438e-01]
 [ 1.37275784e-01]
 [ 1.72129240e-01]
 [ 3.67198141e-02]
 [ 2.13464615e-02]
 [-8.33857416e-02]
 [ 1.95254269e-01]
 [-2.25574066e-01]
 [-3.16416426e-02]
 [-1.67684966e-02]
 [ 1.22022770e-04]
 [ 0.00000000e+00]
 [ 0.00000000e+00]
 [ 0.00000000e+00]
 [ 0.00000000e+00]
 [ 0.00000000e+00]
 [ 0.00000000e+00]
 [ 1.27348044e-01]
 [ 8.51657142e-02]
 [ 9.39608839e-02]
 [ 1.83894035e-02]
 [-2.62207027e-01]
 [ 2.14271769e-01]
 [-1.70487839e-01]
 [ 1.03862112e-01]
 [-6.62440157e-02]
 [-3.37215097e-01]
 [ 1.60815056e-01]
 [ 2.24139844e-01]
 [-2.65736230e-01]
 [-3.99303540e-01]
 [ 2.30028442e-01]
 [ 8.07938742e-02]
 [ 1.16012441e-01]
 [ 1.94079389e-01]
 [-3.13455324e-01]
 [-8.81050540e-02]
 [ 6.48114344e-02]
 [ 4.14119564e-02]
 [ 0.00000000e+00]
 [ 0.00000000e+00]
 [ 0.00000000e+00]
 [ 0.00000000e+00]
 [ 0.00000000e+00]
 [-1.45288903e-02]
 [ 4.93914093e-02]
 [ 1.39216674e-01]
 [ 1.28567824e-01]
 [ 2.39898573e-01]
 [ 1.77842474e-01]
 [ 2.77076007e-01]
 [ 2.78517666e-02]
 [ 2.24533003e-01]
 [ 3.47529201e-02]
 [-3.95449463e-02]
 [-5.46473062e-01]
 [-1.37287946e-04]
 [-8.91695896e-02]
 [ 8.96616316e-02]
 [-3.79477826e-02]
 [ 7.41252994e-03]
 [ 2.01268413e-01]
 [ 3.01279945e-01]
 [ 2.08940182e-02]
 [ 1.65513622e-02]
 [ 1.08673375e-01]
 [ 3.32385440e-02]
 [ 0.00000000e+00]
 [ 0.00000000e+00]
 [ 0.00000000e+00]
 [ 0.00000000e+00]
 [ 0.00000000e+00]
 [-1.84516907e-01]
 [-1.50588560e-01]
 [ 1.44172542e-01]
 [ 2.33522794e-01]
 [ 1.19780933e-01]
 [ 5.96262353e-02]
 [ 4.96743345e-02]
 [ 2.29858933e-01]
 [ 1.67558936e-02]
 [ 1.17897644e-01]
 [-8.19907568e-03]
 [-2.89417989e-01]
 [ 3.81431964e-02]
 [ 4.59734087e-02]
 [ 2.11378231e-01]
 [-3.27610164e-01]
 [-9.22619331e-02]
 [ 2.79776091e-01]
 [ 1.10555062e-01]
 [ 1.62643051e-01]
 [ 1.33682111e-01]
 [-8.69073100e-02]
 [ 0.00000000e+00]
 [ 0.00000000e+00]
 [ 0.00000000e+00]
 [ 0.00000000e+00]
 [ 0.00000000e+00]
 [ 0.00000000e+00]
 [-1.77116336e-01]
 [-1.68455172e-02]
 [ 4.32976806e-01]
 [ 7.37687846e-02]
 [ 3.98800070e-01]
 [ 4.21469415e-02]
 [-2.77760529e-01]
 [-1.67325507e-01]
 [ 2.07026629e-02]
 [ 4.98820084e-02]
 [-5.92054395e-02]
 [ 3.07437411e-01]
 [ 4.78859801e-01]
 [-5.55775977e-02]
 [ 1.02256194e-01]
 [-1.54903673e-01]
 [ 1.03563055e-01]
 [-4.49820844e-02]
 [ 3.17366447e-04]
 [ 6.49639550e-02]
 [-7.69947529e-02]
 [-2.14619592e-01]
 [-1.24611401e-02]
 [ 0.00000000e+00]
 [ 0.00000000e+00]
 [ 0.00000000e+00]
 [ 0.00000000e+00]
 [ 0.00000000e+00]
 [-1.39343913e-01]
 [ 2.30456586e-02]
 [ 2.59658541e-01]
 [ 1.62449793e-01]
 [ 2.71983994e-01]
 [ 7.57934955e-02]
 [-3.47675733e-01]
 [ 1.34890988e-02]
 [ 7.98572644e-02]
 [ 2.52989645e-02]
 [-1.04645389e-01]
 [ 2.87883083e-01]
 [ 1.89490149e-01]
 [ 2.06258098e-01]
 [ 1.33640951e-01]
 [ 2.29199503e-01]
 [-2.05409363e-03]
 [ 1.01251137e-01]
 [-1.49831747e-01]
 [ 4.18284006e-02]
 [-1.50242401e-01]
 [-2.20483212e-01]
 [-6.64594138e-02]
 [ 0.00000000e+00]
 [ 0.00000000e+00]
 [ 0.00000000e+00]
 [ 0.00000000e+00]
 [ 0.00000000e+00]
 [ 1.89630358e-02]
 [ 2.82342738e-01]
 [-1.34951237e-01]
 [-3.11052189e-02]
 [-5.02125220e-02]
 [-3.46006558e-02]
 [ 2.81890996e-03]
 [-3.47407039e-01]
 [ 1.36344204e-01]
 [-8.57142856e-02]
 [ 3.79099124e-02]
 [ 6.19770262e-01]
 [ 2.08414770e-01]
 [ 2.01717783e-01]
 [ 4.07861947e-01]
 [-2.61141794e-03]
 [ 3.90148790e-01]
 [ 1.42428893e-01]
 [-3.01618329e-01]
 [-2.01440038e-01]
 [-2.88409321e-01]
 [-1.59078893e-01]
 [-9.91699065e-02]
 [ 0.00000000e+00]
 [ 0.00000000e+00]
 [ 0.00000000e+00]
 [ 0.00000000e+00]
 [ 0.00000000e+00]
 [ 1.46737777e-02]
 [ 2.68620670e-01]
 [-5.63203934e-02]
 [ 1.14471972e-01]
 [-2.91820605e-01]
 [ 2.04340215e-01]
 [ 1.66836840e-01]
 [-1.78634273e-01]
 [-1.49877024e-02]
 [-1.59090479e-01]
 [ 1.52860233e-01]
 [ 5.10514679e-01]
 [ 4.67780280e-01]
 [ 2.20227303e-01]
 [ 1.50263388e-01]
 [-3.01026995e-02]
 [ 5.11854323e-01]
 [ 5.48874170e-02]
 [-3.00617666e-01]
 [-2.79448225e-01]
 [-3.26667362e-01]
 [-1.61129493e-01]
 [-7.37284122e-02]
 [ 0.00000000e+00]
 [ 0.00000000e+00]
 [ 0.00000000e+00]
 [ 0.00000000e+00]
 [ 0.00000000e+00]
 [ 1.12875213e-03]
 [ 6.83151186e-02]
 [-1.98272890e-01]
 [ 3.03706049e-01]
 [-7.33674704e-02]
 [-1.75007985e-01]
 [-1.30123239e-01]
 [-3.26485908e-01]
 [-2.30085586e-01]
 [ 1.01936218e-01]
 [ 6.97567306e-02]
 [-1.02056842e-01]
 [ 3.50422223e-01]
 [-1.49594524e-01]
 [ 1.87204545e-01]
 [ 2.10198998e-01]
 [-2.35481901e-01]
 [-2.33793856e-01]
 [ 2.36823834e-02]
 [-6.29460376e-02]
 [-4.63558719e-01]
 [-1.33856621e-01]
 [-1.29803543e-02]
 [ 0.00000000e+00]
 [-7.08811694e-03]
 [ 0.00000000e+00]
 [ 0.00000000e+00]
 [ 0.00000000e+00]
 [ 0.00000000e+00]
 [ 2.86702293e-02]
 [-2.84571116e-01]
 [ 1.57786910e-01]
 [-1.10164528e-01]
 [-6.28787229e-02]
 [ 3.15508137e-02]
 [-3.03721020e-01]
 [-2.73610689e-01]
 [-8.93191628e-02]
 [ 8.34365482e-02]
 [-1.21201463e-01]
 [ 3.61104621e-01]
 [ 2.07868369e-01]
 [ 2.04520891e-01]
 [ 4.32287359e-02]
 [-3.49712993e-01]
 [-2.72915321e-01]
 [ 6.67211606e-02]
 [-2.29262704e-01]
 [-3.26986735e-01]
 [-7.04079507e-02]
 [ 0.00000000e+00]
 [ 0.00000000e+00]
 [-6.14303468e-02]
 [ 0.00000000e+00]
 [ 0.00000000e+00]
 [ 0.00000000e+00]
 [ 0.00000000e+00]
 [-3.42215958e-02]
 [-5.33139011e-01]
 [-1.57659351e-02]
 [-1.51140323e-01]
 [-4.70295745e-01]
 [-4.79267492e-02]
 [-2.51078709e-01]
 [-1.44971879e-01]
 [ 1.04896904e-01]
 [ 1.60965298e-01]
 [ 1.75099012e-01]
 [ 1.01148365e-01]
 [ 6.21423504e-02]
 [ 3.76570982e-01]
 [-1.16289000e-01]
 [-7.35938661e-02]
 [ 3.37995588e-01]
 [ 3.05839220e-01]
 [-2.41859391e-01]
 [-1.13314755e-01]
 [-3.28510822e-02]
 [ 0.00000000e+00]
 [ 0.00000000e+00]
 [ 0.00000000e+00]
 [ 0.00000000e+00]
 [ 0.00000000e+00]
 [ 0.00000000e+00]
 [ 0.00000000e+00]
 [-2.73487080e-01]
 [-3.35618410e-01]
 [-2.08576132e-01]
 [-2.18082135e-01]
 [-3.16012159e-01]
 [-1.64216030e-01]
 [-1.49028997e-01]
 [-2.22550198e-02]
 [-2.90049439e-01]
 [-1.47514770e-01]
 [-3.80101022e-02]
 [-5.68348488e-02]
 [ 8.45936178e-02]
 [-2.58315345e-03]
 [ 2.31731371e-01]
 [ 3.50097461e-02]
 [ 4.15591123e-01]
 [-7.67980284e-02]
 [-4.02816211e-01]
 [ 1.45968379e-01]
 [ 6.09062811e-02]
 [ 7.45280333e-03]
 [ 0.00000000e+00]
 [ 0.00000000e+00]
 [ 0.00000000e+00]
 [ 0.00000000e+00]
 [ 0.00000000e+00]
 [ 0.00000000e+00]
 [-4.62019350e-01]
 [-7.62746356e-02]
 [ 1.52338354e-01]
 [-3.41846327e-02]
 [-3.30023189e-01]
 [-2.52872659e-01]
 [ 4.28381262e-02]
 [-8.69217058e-02]
 [-1.94948495e-01]
 [-3.74394145e-01]
 [-6.40104420e-02]
 [-1.01832235e-01]
 [-2.34148344e-01]
 [ 4.46930882e-02]
 [ 1.52710345e-01]
 [-1.53097290e-01]
 [-5.00729136e-02]
 [-2.28405675e-01]
 [-2.34152980e-01]
 [ 6.60945475e-02]
 [ 1.92434036e-01]
 [ 1.59303671e-01]
 [ 0.00000000e+00]
 [ 0.00000000e+00]
 [ 0.00000000e+00]
 [ 0.00000000e+00]
 [ 0.00000000e+00]
 [ 0.00000000e+00]
 [-1.81660896e-01]
 [-9.66965450e-02]
 [-1.37694634e-01]
 [ 2.36204120e-02]
 [-1.31615969e-01]
 [-1.27963693e-01]
 [-1.21932162e-01]
 [-1.64745629e-01]
 [-2.61283017e-01]
 [-3.14078076e-02]
 [ 5.84098150e-02]
 [-6.54130595e-02]
 [-7.32387324e-02]
 [ 1.56186905e-01]
 [-1.85124006e-01]
 [-5.07259413e-02]
 [ 6.37187723e-02]
 [-7.42997925e-02]
 [-3.27017901e-02]
 [ 9.41075092e-03]
 [-9.94590933e-04]
 [ 5.58960250e-03]
 [ 0.00000000e+00]
 [ 0.00000000e+00]
 [ 0.00000000e+00]
 [ 0.00000000e+00]
 [ 0.00000000e+00]
 [ 0.00000000e+00]
 [ 4.02796063e-03]
 [-9.08316438e-02]
 [-4.43899726e-01]
 [-3.40740667e-01]
 [-2.56276342e-01]
 [-2.86476328e-01]
 [-1.20623113e-01]
 [-2.92395850e-01]
 [-1.37216974e-01]
 [-2.80908096e-01]
 [ 6.56004061e-02]
 [-3.13240671e-01]
 [ 7.49897082e-02]
 [-3.43879230e-02]
 [-3.22422902e-01]
 [-2.04614591e-01]
 [ 1.76076068e-01]
 [ 2.62622214e-02]
 [-6.77592750e-03]
 [ 4.01577373e-02]
 [-3.26466258e-03]
 [ 0.00000000e+00]
 [ 0.00000000e+00]
 [ 0.00000000e+00]
 [ 0.00000000e+00]
 [ 0.00000000e+00]
 [ 0.00000000e+00]
 [ 0.00000000e+00]
 [ 0.00000000e+00]
 [ 3.29700508e-02]
 [ 1.34778059e-02]
 [-2.04613312e-01]
 [-1.15554078e-01]
 [-1.29129726e-01]
 [-2.51694947e-01]
 [-1.80385770e-01]
 [-4.51836794e-01]
 [-3.04670512e-01]
 [-1.26510791e-01]
 [-9.78929573e-02]
 [ 1.92922557e-01]
 [-8.51217050e-02]
 [ 3.81274207e-02]
 [ 1.67439726e-01]
 [ 2.28562588e-01]
 [ 6.14602857e-02]
 [ 1.61406010e-02]
 [ 1.27322313e-02]
 [ 2.87070649e-03]
 [ 0.00000000e+00]
 [ 0.00000000e+00]
 [ 0.00000000e+00]
 [ 0.00000000e+00]
 [ 0.00000000e+00]
 [ 0.00000000e+00]
 [ 0.00000000e+00]
 [ 0.00000000e+00]
 [ 2.42278901e-02]
 [ 5.34577009e-02]
 [ 4.01221483e-02]
 [-1.40990844e-02]
 [-6.44074775e-02]
 [-8.28956135e-02]
 [ 6.36278120e-01]
 [ 2.58493857e-01]
 [-1.47904488e-01]
 [-2.25559016e-01]
 [-3.39493256e-02]
 [ 2.54584014e-01]
 [-5.53914259e-02]
 [ 1.57760991e-01]
 [ 2.29271987e-01]
 [ 1.98159304e-01]
 [ 1.08043048e-01]
 [ 7.01790890e-03]
 [ 1.48020152e-03]
 [ 3.41317057e-03]
 [ 0.00000000e+00]
 [ 0.00000000e+00]
 [ 0.00000000e+00]
 [ 0.00000000e+00]
 [ 0.00000000e+00]
 [ 0.00000000e+00]
 [ 0.00000000e+00]
 [ 0.00000000e+00]
 [ 5.35761170e-02]
 [ 1.53938520e-01]
 [ 1.04838285e-01]
 [ 1.08807299e-01]
 [ 2.20204915e-01]
 [ 1.64505834e-01]
 [ 1.44016817e-02]
 [ 1.45312583e-01]
 [ 2.90774805e-01]
 [ 2.54177135e-01]
 [ 9.87673445e-02]
 [-1.36050683e-01]
 [-1.33753253e-01]
 [ 7.76672941e-02]
 [ 1.29518006e-01]
 [ 2.29241013e-01]
 [ 1.61703454e-01]
 [ 0.00000000e+00]
 [ 4.87595795e-04]
 [ 4.87595795e-04]
 [ 0.00000000e+00]
 [ 0.00000000e+00]
 [ 0.00000000e+00]
 [ 0.00000000e+00]
 [ 0.00000000e+00]
 [ 0.00000000e+00]
 [ 0.00000000e+00]
 [ 0.00000000e+00]
 [ 5.35761170e-02]
 [ 5.56596971e-02]
 [ 6.96776312e-02]
 [ 6.73501160e-02]
 [ 1.52570366e-02]
 [ 0.00000000e+00]
 [ 1.18888110e-03]
 [ 7.79445602e-02]
 [ 1.10969612e-01]
 [ 1.68918147e-01]
 [ 5.70442252e-02]
 [ 3.28822685e-02]
 [ 1.55412230e-02]
 [ 1.07022002e-01]
 [ 4.73629284e-02]
 [ 1.70019271e-01]
 [ 1.60517106e-01]
 [ 0.00000000e+00]
 [ 0.00000000e+00]
 [ 0.00000000e+00]
 [ 0.00000000e+00]
 [ 0.00000000e+00]
 [ 0.00000000e+00]
 [ 0.00000000e+00]
 [ 0.00000000e+00]
 [ 0.00000000e+00]
 [ 0.00000000e+00]
 [ 0.00000000e+00]
 [ 0.00000000e+00]
 [ 0.00000000e+00]
 [ 0.00000000e+00]
 [ 0.00000000e+00]
 [ 0.00000000e+00]
 [ 0.00000000e+00]
 [ 0.00000000e+00]
 [ 0.00000000e+00]
 [ 0.00000000e+00]
 [ 0.00000000e+00]
 [ 0.00000000e+00]
 [ 0.00000000e+00]
 [ 2.68693536e-02]
 [ 8.74392525e-02]
 [ 9.10825546e-04]
 [ 0.00000000e+00]
 [ 0.00000000e+00]
 [ 0.00000000e+00]
 [ 0.00000000e+00]
 [ 0.00000000e+00]
 [ 0.00000000e+00]
 [ 0.00000000e+00]
 [ 0.00000000e+00]]